041
122
195
224
321
332
407
466
530
613
684
693
791
806
889
944
951
1018
1047
1092
1115
1121
1139
1153
1199
1237
1325
1334
1391
1406
1447
1479
1560
1595
1668
1706
1735
1738
1824
1871
1967
2064
2139
2203
2274
2372
2455
2462
2491
2514
2532
2578
2666
2723
2764
2845
2942
3017
3081
3152
3249
3324
3388
3459
3557
3640
3647
3676
3699
3717
3763
3851
3862
3940
3949
4046
4121
4185
4256
4354
4437
4444
4541
4616
4680
4751
4849
4932
4939
4968
4991
5009
5055
5143
5200
5241
5322
5395
5424
5435
5494
5577
5586
5601
5656
5723
5768
5774
5788
5826
5835
5850
5882
5917
5955
5958
6044
6091
6187
6281
6312
6358
6363
6371
6376
6441
6538
6613
6677
6748
6846
6929
6936
7033
7108
7172
7243
7341
7424
7472
7561
7634
7682
7730
7739
7812
7860
7949
8022
8070
8118
8127
8200
8247
8295
8304
8352
8399
8473
8482
8556
8604
8653
8662
8710
8784
8832
8921
8994
9042
9090
9099
9172
9219
9267
9315
9404
9477
9525
9573
9582
9655
9702
9750
9759
9807
9854
9928
