097
172
236
307
405
488
495
524
547
565
611
699
756
850
881
978
1053
1117
1188
1286
1369
1376
1405
1428
1446
1492
1580
1637
1694
1791
1832
1907
1988
2052
2125
2196
2225
2323
2334
2417
2476
2483
2566
2595
2604
2627
2642
2660
2715
2761
2828
2916
2961
3018
3024
3065
3079
3160
3198
3271
3280
3309
3324
3335
3367
3426
3461
3544
3582
3591
3594
3609
3695
3750
3797
3864
3960
4054
4085
4131
4136
4144
4149
4214
4282
4351
4354
4439
4537
4541
4552
4564
4660
4758
4842
4905
4986
5068
5107
5116
5125
5204
5208
5251
5256
5354
5445
5503
5522
5621
5633
5728
5801
5825
5874
5968
6047
6084
6087
6102
6110
6163
6171
6253
6326
6373
6425
6481
6492
6495
6498
6535
6569
6664
6755
6844
6845
6908
6912
6948
7044
7127
7169
7240
7314
7380
7386
7394
7450
7539
7542
7619
7665
7693
7786
7810
7871
7897
7904
7952
7994
8089
8127
8144
8233
8327
8384
8412
8503
8579
8660
8717
8749
8825
8891
8955
9027
9042
9048
9053
9075
9163
9260
9267
9312
9396
9429
9492
9571
9652
9657
9756
9803
9901
9979
10065
10114
10120
10216
10301
10347
10434
10507
10578
10580
10649
10651
10680
10681
10696
10711
10722
10768
10850
10873
10947
11010
11075
11171
11268
11286
11377
11406
11434
11442
11523
11595
11629
11716
11718
11803
11805
11881
11963
11967
12006
12072
12088
12144
12230
12237
12276
12282
12283
12326
12334
12346
12382
12399
12454
12511
12589
12678
12685
12728
12794
12819
12858
12866
12895
12913
12976
13053
13071
13137
13198
13242
13260
13278
13299
13348
13367
13466
13479
13575
13622
13713
13804
13806
13844
13940
13971
13994
14062
14161
14169
14251
14340
14384
14441
14456
14523
14601
14654
14688
14767
14815
14840
14916
14999
15060
15157
15213
15215
15302
15315
15402
15478
15482
15506
15511
15592
15675
15734
15755
15774
15855
15864
15873
15946
15967
16015
16040
16091
16190
16273
16344
16416
16505
16507
16576
16582
16667
16738
16806
16819
16835
16844
16883
16886
16913
16952
16989
16995
17021
17038
17050
17068
17135
17232
17234
17319
17400
17438
17455
17461
17467
17524
17588
17590
17627
17631
17659
17727
17759
17855
17941
18039
18105
18143
18204
18286
18327
18378
18451
18526
18529
18620
18702
18709
18797
18804
18833
18930
18953
19028
19046
19092
19163
19138
19226
19283
19309
19350
19316
19345
19397
19470
19493
19522
19540
19551
19586
19674
19645
19728
19785
19816
19851
19897
19935
19940
19948
